0.07992082/7.992082(35.8, 4.8, 7.5)/(35.7, 4.8, 7.4)
0.2005099/20.05099(35.7, 4.8, 7.4)/(35.9, 4.8, 7.5)
0.4975374/49.75374(35.9, 4.8, 7.5)/(35.8, 4.8, 8.0)
0.142934/14.2934(35.8, 4.8, 8.1)/(35.6, 4.8, 8.1)
0.7557251/75.57252(35.6, 4.8, 8.1)/(36.2, 4.8, 8.5)
0.3488588/34.88588(36.2, 4.8, 8.5)/(36.2, 4.8, 8.2)
0.05119498/5.119498(36.2, 4.8, 8.1)/(36.2, 4.8, 8.1)
0.1593358/15.93358(36.2, 4.8, 8.1)/(36.3, 4.8, 8.1)
0.1702244/17.02244(36.3, 4.8, 8.1)/(36.2, 4.8, 8.0)
0.4194978/41.94978(36.2, 4.8, 8.0)/(35.8, 4.8, 8.2)
