0.1804181/18.04181(35.8, 4.8, 7.5)/(35.6, 4.8, 7.5)
0.09348127/9.348127(35.6, 4.8, 7.5)/(35.5, 4.8, 7.4)
0.09388428/9.388428(35.5, 4.8, 7.4)/(35.4, 4.8, 7.3)
0.09644413/9.644413(35.4, 4.8, 7.3)/(35.3, 4.8, 7.3)
0.09382856/9.382856(35.3, 4.8, 7.2)/(35.2, 4.8, 7.2)
0.069252/6.9252(35.2, 4.8, 7.2)/(35.2, 4.8, 7.3)
0.1931851/19.31851(35.2, 4.8, 7.3)/(35.0, 4.8, 7.3)
0.1044885/10.44885(35.0, 4.8, 7.3)/(35.0, 4.8, 7.2)
0.09926817/9.926817(35.0, 4.8, 7.2)/(34.9, 4.8, 7.1)
0.09071254/9.071254(34.9, 4.8, 7.1)/(35.0, 4.8, 7.0)
