0.1560573/15.60573(35.7, 4.8, 18.0)/(35.6, 4.8, 18.1)
0.02464158/2.464158(35.6, 4.8, 18.1)/(35.6, 4.8, 18.1)
0.03623343/3.623343(35.6, 4.8, 18.1)/(35.6, 4.8, 18.2)
0.07424898/7.424898(35.5, 4.8, 18.2)/(35.5, 4.8, 18.2)
0.2447408/24.47408(35.5, 4.8, 18.2)/(35.3, 4.8, 18.4)
0.4127766/41.27766(35.3, 4.8, 18.4)/(35.6, 4.8, 18.2)
0.4840302/48.40302(35.7, 4.8, 18.2)/(35.9, 4.8, 18.7)
0.2152343/21.52343(35.9, 4.8, 18.7)/(35.7, 4.8, 18.5)
0.160106/16.0106(35.7, 4.8, 18.5)/(35.7, 4.8, 18.3)
0.7800235/78.00234(35.7, 4.8, 18.3)/(35.8, 4.8, 19.1)
0.3937738/39.37738(35.8, 4.8, 19.1)/(35.4, 4.8, 19.1)
0.2294684/22.94684(35.4, 4.8, 19.1)/(35.2, 4.8, 19.2)
0.03170864/3.170864(35.2, 4.8, 19.2)/(35.2, 4.8, 19.2)
0.2875011/28.75011(35.1, 4.8, 19.2)/(35.0, 4.8, 18.9)
0.2159874/21.59874(35.0, 4.8, 18.9)/(35.2, 4.8, 18.9)
