0.3681884/36.81884(35.7, 4.8, 18.0)/(35.6, 4.8, 18.4)
0.1100028/11.00028(35.6, 4.8, 18.4)/(35.6, 4.8, 18.3)
0.3949993/39.49993(35.6, 4.8, 18.2)/(35.2, 4.8, 18.3)
0.5161771/51.61771(35.2, 4.8, 18.3)/(35.1, 4.8, 17.8)
0.1049805/10.49804(35.1, 4.8, 17.7)/(35.2, 4.8, 17.7)
0.06374369/6.374369(35.3, 4.8, 17.7)/(35.3, 4.8, 17.7)
0.07490057/7.490057(35.2, 4.8, 17.8)/(35.3, 4.8, 17.8)
0.06247321/6.247321(35.3, 4.8, 17.9)/(35.4, 4.8, 17.8)
0.2968146/29.68146(35.4, 4.8, 17.8)/(35.5, 4.8, 18.1)
0.05540166/5.540166(35.5, 4.8, 18.1)/(35.5, 4.8, 18.1)
0.07929472/7.929472(35.5, 4.8, 18.0)/(35.6, 4.8, 18.1)
0.1050428/10.50428(35.6, 4.8, 18.1)/(35.6, 4.8, 18.2)
