# LIDAR
# SHARP
# Dist entre robots cm

-0.821,0,0.784
-0.789,0,0.665
16
-1.471,0,0.502
-1.556,0,0.481
10

-1.61278,0,-0.05960317
-1.380547,0,0.1329188
17
-1.599311,0,0.3011145
-1.56918,0,0.3369989
5
-1.62381,0,0.520547
-1.609997,0,0.4898481
32
-0.5917585,0,-0.02873992
-1.190128,0,-0.7949944
60
1.554981,0,-0.1569552
1.275188,0,-0.3120451
20
1.74699,0,1.31293
1.927517,0,1.27652
25
1.7551,0,1.176227
1.956852,0,1.408051
10
0.2726287,0,1.153157
0.1806221,0,1.111053
15
0.3898925,0,1.167152
0.366333,0,1.127875
5
-1.409412,0,-0.1654596
-1.386902,0,-0.1480989
4
