0/0(35.8, 4.8, 7.5)/(35.8, 4.8, 7.5)
0.1243686/12.43686(35.8, 4.8, 7.5)/(35.8, 4.8, 7.4)
0.09522843/9.522842(35.9, 4.8, 7.4)/(35.9, 4.8, 7.3)
0/0(35.9, 4.8, 7.2)/(35.9, 4.8, 7.2)
0.08533404/8.533404(35.9, 4.8, 7.2)/(35.9, 4.8, 7.3)
0.0128234/1.28234(35.9, 4.8, 7.3)/(35.9, 4.8, 7.3)
0.09498484/9.498484(36.0, 4.8, 7.4)/(36.0, 4.8, 7.4)
0.04762875/4.762875(36.0, 4.8, 7.4)/(36.0, 4.8, 7.4)
0.1069486/10.69486(36.0, 4.8, 7.4)/(36.0, 4.8, 7.5)
0/0(36.0, 4.8, 7.5)/(36.0, 4.8, 7.5)
0.09696566/9.696567(36.0, 4.8, 7.5)/(35.9, 4.8, 7.5)
0.001437208/0.1437209(35.9, 4.8, 7.6)/(35.9, 4.8, 7.6)
0.2089078/20.89078(35.9, 4.8, 7.6)/(36.1, 4.8, 7.6)
0.1086348/10.86348(36.1, 4.8, 7.6)/(36.1, 4.8, 7.7)
